49.600000
-8.850000
90.700000
137.600000
97.700000
-51.000000
-51.300000
-53.950000
-65.150000
-43.650000
-85.350000
-55.250000
-72.850000
-100.000000
-57.200000
-50.300000
-66.250000
-64.200000
-52.350000
-100.000000
-51.500000
70.600000
-57.150000
-50.300000
-64.200000
-50.450000
-6.650000
-60.100000
-58.750000
-37.100000
112.100000
-78.200000
115.650000
-41.100000
-53.350000
91.600000
126.200000
116.200000
131.700000
113.750000
-23.550000
57.950000
145.050000
-1.900000
-48.350000
-25.000000
-100.000000
-28.650000
-63.700000
91.150000
-21.950000
-32.650000
-100.000000
-19.450000
102.800000
38.700000
-44.050000
104.100000
130.950000
144.750000
-15.400000
-31.750000
-100.000000
-3.700000
-4.050000
95.300000
-8.900000
-1.300000
-100.000000
-37.900000
-18.050000
-100.000000
-44.900000
-71.250000
-21.750000
-71.600000
51.800000
-74.950000
-29.450000
-3.250000
-6.150000
142.000000
-63.050000
-51.150000
106.800000
-53.400000
-8.300000
-63.350000
-42.450000
-71.250000
-50.100000
-51.150000
-53.850000
-50.950000
-100.000000
-50.200000
-25.850000
-50.050000
-80.750000
-10.000000
-51.100000
-57.950000
-98.300000
-56.150000
99.250000
-93.900000
-70.750000
-62.600000
-23.550000
-100.000000
-54.350000
-100.000000
8.050000
133.600000
-50.100000
-21.150000
-3.550000
-78.250000
110.700000
130.000000
-5.500000
-2.600000
-7.500000
136.900000
-21.600000
-51.950000
-63.100000
-100.000000
-64.300000
-51.150000
-2.050000
-27.600000
-4.050000
-0.200000
-13.300000
-51.650000
83.450000
-100.000000
-34.400000
-56.450000
144.750000
-8.000000
96.600000
-72.500000
-50.950000
-24.450000
-7.550000
-62.500000
-20.700000
141.800000
-7.500000
-17.650000
-55.500000
-64.400000
-38.100000
-29.700000
-51.350000
-53.900000
113.450000
-51.300000
-51.200000
-50.350000
122.500000
-31.950000
-56.050000
-10.450000
116.800000
139.450000
-100.000000
-24.300000
119.800000
129.550000
142.300000
-100.000000
120.650000
106.250000
89.000000
-46.100000
-96.250000
117.800000
76.850000
-60.350000
84.350000
-100.000000
128.300000
110.950000
-11.500000
130.350000
-0.200000
7.100000
-59.350000
-6.450000
72.050000
-43.400000
-90.700000
-56.450000
-8.850000
109.100000
124.650000
125.650000
-54.450000
149.750000
98.350000
80.600000
-73.800000
-51.550000
-64.550000
-51.600000
-63.500000
-29.400000
-37.200000
-60.100000
140.250000
130.950000
108.400000
131.300000
-3.200000
45.450000
-2.000000
146.700000
-37.150000
-100.000000
82.750000
-62.750000
-17.150000
-55.900000
-50.100000
124.000000
-65.650000
131.000000
-77.650000
-90.650000
-10.250000
-59.000000
-51.650000
23.150000
119.000000
-18.300000
-48.100000
-32.400000
-44.600000
-51.700000
-11.150000
-50.600000
-54.200000
-51.250000
-51.050000
-54.450000
-50.050000
-100.000000
-65.400000
-51.700000
-10.800000
-1.150000
94.400000
-55.600000
-2.700000
-39.450000
108.450000
-73.750000
145.200000
-91.700000
12.750000
81.200000
-54.400000
-60.750000
-50.700000
-84.450000
0.900000
-50.750000
17.550000
-51.150000
-13.250000
-70.150000
-1.050000
-26.100000
-9.250000
-3.050000
-50.100000
-51.200000
-56.650000
-50.700000
-31.900000
-50.800000
-50.600000
-100.000000
-50.000000
-51.050000
42.600000
102.300000
-56.700000
-43.900000
-8.650000
13.500000
113.500000
-100.000000
-6.700000
-2.650000
1.450000
-80.150000
-100.000000
-100.000000
96.350000
-50.400000
99.200000
-51.850000
-11.400000
-44.550000
-29.850000
-100.000000
-38.550000
15.950000
85.800000
62.950000
-19.950000
128.000000
8.300000
-78.650000
80.400000
-28.700000
1.850000
-4.150000
-34.000000
-25.600000
-80.300000
-62.350000
-50.700000
-47.700000
-51.800000
-13.350000
-50.750000
-49.000000
-50.650000
-50.800000
-21.700000
34.900000
-66.500000
81.950000
8.000000
-49.650000
-71.900000
-100.000000
-100.000000
-6.000000
-46.950000
-100.000000
-89.650000
114.400000
-50.350000
-26.600000
-54.150000
-66.050000
-50.600000
-50.950000
-50.650000
-29.200000
-42.750000
-56.400000
-100.000000
-51.350000
-100.000000
-65.050000
-18.000000
-72.350000
-33.450000
-54.000000
136.250000
-51.300000
-100.000000
-13.150000
-42.300000
-20.900000
-34.750000
-100.000000
-87.100000
-5.450000
-42.400000
-71.700000
-17.550000
-64.650000
-54.050000
-51.750000
-52.750000
-51.500000
-51.050000
-51.600000
-50.800000
-4.600000
-50.700000
-50.500000
-50.750000
24.000000
-50.100000
37.150000
94.900000
-50.200000
-52.500000
-51.650000
89.650000
-53.250000
-55.550000
-75.450000
-65.700000
-100.000000
-56.500000
-52.650000
-52.800000
-52.050000
-50.900000
-72.800000
-53.550000
-9.850000
-50.750000
-52.000000
-50.500000
-50.100000
-40.150000
-55.850000
-56.000000
-50.050000
-32.500000
-13.600000
65.950000
-5.750000
-23.150000
-11.000000
-100.000000
-54.450000
-50.600000
-58.850000
-16.300000
-25.800000
-7.800000
-51.400000
-0.650000
-53.600000
99.850000
-56.250000
-52.450000
98.800000
-61.100000
-82.650000
97.200000
-29.650000
-3.150000
99.000000
-58.800000
-100.000000
-25.750000
-51.700000
-9.250000
-50.200000
-6.700000
97.550000
-50.400000
-52.050000
-64.450000
-53.400000
-51.450000
-50.800000
-0.250000
-74.250000
31.300000
-43.450000
-11.800000
-100.000000
97.200000
-100.000000
-21.200000
97.100000
-59.400000
-44.550000
-21.000000
-54.400000
-52.700000
14.300000
-100.000000
-81.600000
-100.000000
99.950000
-19.950000
-87.250000
-100.000000
1.450000
4.150000
-54.500000
-1.200000
-97.850000
-1.000000
-53.200000
-52.450000
116.450000
-55.450000
-45.250000
-54.450000
-53.050000
113.800000
5.500000
54.250000
-100.000000
-100.000000
-33.050000
-15.500000
-18.150000
-16.650000
-8.700000
-8.700000
-100.000000
-100.000000
60.550000
-100.000000
-65.900000
-70.050000
-100.000000
-100.000000
-50.250000
-74.650000
91.000000
-51.650000
-50.600000
-51.500000
-53.500000
-100.000000
-50.600000
-51.100000
-57.150000
-86.350000
-30.100000
95.650000
34.850000
-53.050000
-31.950000
-50.900000
127.550000
88.700000
-52.950000
-51.050000
-55.750000
-55.850000
-57.700000
-50.750000
96.450000
41.050000
-5.400000
-26.300000
-32.200000
108.050000
-31.900000
-65.600000
-28.400000
97.800000
-54.400000
-53.950000
95.850000
-39.700000
-57.700000
83.500000
-56.650000
-52.500000
-51.200000
-52.450000
-50.450000
-57.050000
-59.650000
-50.250000
-50.200000
-12.700000
-72.850000
-62.100000
-50.250000
-54.100000
98.100000
-100.000000
-73.500000
-26.900000
110.450000
-44.950000
-100.000000
-58.750000
94.950000
-13.450000
-70.350000
-51.150000
-51.700000
-6.100000
-51.100000
-51.700000
-50.750000
-60.050000
-68.100000
-51.800000
-51.700000
101.100000
-51.250000
107.800000
147.100000
-3.050000
-7.100000
-100.000000
-100.000000
-2.700000
131.750000
85.250000
-50.750000
-50.550000
-58.650000
-57.350000
-51.800000
94.750000
-50.650000
-50.250000
-99.100000
-68.300000
-100.000000
129.050000
-2.050000
-0.350000
-2.650000
-1.500000
-53.600000
-38.800000
-59.800000
-2.600000
-78.900000
-50.600000
-100.000000
-59.950000
-51.650000
14.050000
3.850000
75.100000
-100.000000
-62.700000
-100.000000
-100.000000
11.150000
-27.950000
-52.100000
-54.600000
-52.050000
-32.800000
-52.900000
-59.800000
-50.500000
98.100000
-52.200000
86.350000
134.400000
105.950000
103.250000
-0.850000
74.800000
-53.050000
-50.150000
-52.600000
-57.350000
-52.100000
-53.800000
-50.500000
-51.700000
-53.250000
-50.750000
50.100000
-25.850000
-7.750000
-100.000000
-59.950000
-51.550000
134.700000
-4.100000
-59.250000
-53.750000
-8.750000
-51.150000
-18.300000
-22.150000
-27.700000
-100.000000
0.700000
122.800000
-51.450000
-54.250000
-18.350000
-14.500000
-100.000000
-27.300000
-73.900000
-69.400000
119.750000
-54.800000
-100.000000
85.600000
-18.500000
87.900000
130.850000
117.800000
13.200000
-89.400000
89.100000
-4.500000
-61.850000
-50.500000
-65.200000
96.550000
-9.500000
-31.950000
127.150000
57.900000
91.300000
-0.200000
112.400000
-55.950000
111.550000
-18.950000
97.600000
-12.950000
-28.900000
-84.400000
-63.500000
99.250000
-25.900000
-42.800000
-61.300000
-50.700000
-14.300000
-56.000000
-46.500000
79.000000
-79.700000
108.800000
-63.150000
-60.650000
120.050000
-39.800000
61.650000
-100.000000
-10.500000
-20.650000
-57.800000
-28.750000
-51.700000
-52.200000
-17.050000
-50.750000
11.700000
-21.150000
-10.850000
-23.150000
-50.300000
-51.400000
111.200000
143.850000
-50.400000
98.050000
-53.150000
-1.900000
16.150000
121.650000
-77.350000
-8.650000
-100.000000
-3.250000
-67.200000
-13.600000
130.800000
-2.550000
114.600000
-40.450000
-31.050000
-15.900000
-50.400000
-59.700000
-51.550000
-57.700000
-50.400000
-51.150000
-50.900000
-59.250000
-11.200000
-25.450000
-51.950000
-57.000000
88.600000
-6.350000
-56.750000
-50.500000
-52.300000
-51.450000
-100.000000
14.650000
-17.300000
-100.000000
78.400000
109.850000
-11.800000
117.050000
-55.400000
-60.200000
-87.000000
-5.750000
-51.350000
-50.500000
-57.650000
-65.450000
-51.600000
-58.350000
-37.050000
-50.200000
-100.000000
-67.600000
7.150000
87.300000
-100.000000
-30.800000
-54.400000
-53.250000
-100.000000
-12.400000
-65.450000
-0.150000
19.300000
99.600000
-18.150000
-11.750000
117.550000
67.450000
-14.600000
-50.250000
-1.800000
139.850000
-31.800000
-59.000000
-33.200000
-78.250000
-26.000000
-11.850000
-1.550000
-40.350000
-59.400000
130.450000
-50.150000
-18.600000
-54.700000
-54.250000
-63.100000
-72.750000
98.050000
-16.450000
-59.650000
-65.350000
-27.900000
-100.000000
-1.100000
-18.800000
-23.200000
89.650000
105.750000
85.600000
-4.800000
-98.950000
88.050000
-100.000000
-48.400000
57.550000
-50.600000
-100.000000
-58.250000
-64.050000
-50.400000
118.200000
-50.150000
-50.850000
-54.550000
-64.200000
-50.700000
-52.300000
-62.050000
-55.850000
-67.300000
-29.100000
-53.250000
-1.850000
145.150000
-51.100000
-26.750000
-3.000000
116.600000
-100.000000
-13.600000
65.100000
-73.650000
-100.000000
-15.550000
-56.900000
135.650000
-36.450000
-54.300000
-51.300000
-5.150000
-54.850000
-57.850000
-52.100000
-41.050000
-47.300000
-100.000000
-53.850000
-3.700000
126.100000
-100.000000
-7.800000
108.900000
58.700000
-94.800000
-100.000000
93.300000
-52.800000
-50.850000
-52.350000
-50.350000
-100.000000
-50.900000
-3.700000
-56.600000
-64.050000
-58.500000
-4.600000
-91.700000
-59.500000
-42.600000
-24.050000
-14.850000
93.700000
-7.700000
-10.300000
22.050000
-100.000000
52.600000
71.700000
101.000000
-32.400000
-50.150000
-50.900000
-43.100000
-55.400000
-54.350000
97.250000
-52.050000
-55.550000
-51.700000
-50.150000
123.150000
-29.300000
-61.800000
118.350000
-63.450000
79.850000
-73.800000
-50.400000
-23.600000
121.750000
-9.400000
122.200000
-100.000000
91.500000
55.950000
-16.650000
-58.800000
-50.650000
-51.900000
-54.950000
-12.950000
-37.500000
98.050000
-51.400000
-3.750000
-19.450000
-1.550000
-67.050000
53.900000
-50.650000
-23.800000
-20.750000
-74.900000
-49.700000
84.250000
74.600000
-50.300000
-56.250000
-52.250000
-53.250000
-80.750000
-50.650000
-100.000000
-18.600000
-59.650000
-10.250000
95.100000
-18.700000
-69.100000
-50.850000
-49.500000
-13.600000
-100.000000
-50.400000
-50.700000
-52.700000
-54.800000
-51.750000
-100.000000
-3.700000
-50.850000
98.500000
-30.550000
-5.250000
-54.650000
-11.650000
-71.200000
-100.000000
141.650000
-19.650000
-0.050000
116.800000
-53.150000
-58.000000
-11.400000
-100.000000
-55.900000
-51.600000
-30.400000
-66.950000
60.850000
-83.000000
-22.250000
-10.500000
111.050000
139.750000
119.150000
109.500000
-34.150000
-52.550000
-32.750000
80.900000
-13.850000
5.150000
-100.000000
-17.500000
116.250000
-90.600000
-5.650000
112.700000
-18.400000
-29.850000
-5.400000
-52.450000
-50.900000
-52.000000
-72.250000
99.300000
-9.750000
-50.450000
98.000000
-100.000000
-51.800000
-100.000000
-53.250000
-10.750000
-59.800000
-29.650000
87.400000
-54.000000
138.450000
97.150000
142.650000
85.000000
-47.050000
-36.050000
-7.300000
141.450000
94.900000
-43.850000
-100.000000
-56.650000
-57.600000
122.900000
95.600000
-50.900000
-53.200000
-61.350000
114.800000
-52.150000
-74.450000
-10.900000
-7.050000
-52.700000
-53.250000
-52.500000
-51.750000
-23.450000
-58.700000
-52.150000
137.300000
97.900000
-50.550000
-50.400000
-53.400000
97.200000
-69.850000
-100.000000
125.800000
105.850000
-31.400000
-93.200000
-2.900000
-24.450000
-100.000000
-100.000000
-100.000000
-93.800000
128.750000
-35.350000
-62.100000
-50.800000
-93.300000
-67.800000
-52.800000
-53.100000
-50.550000
-50.100000
-100.000000
-59.350000
99.550000
-53.800000
-100.000000
-66.100000
-50.250000
-50.900000
-18.250000
-51.500000
-100.000000
-0.650000
110.250000
91.400000
-2.050000
-18.800000
-25.350000
-49.700000
80.950000
-54.750000
33.650000
98.850000
-25.350000
-100.000000
4.200000
119.650000
-64.100000
-51.600000
-51.650000
-10.800000
-51.700000
80.150000
-55.150000
-27.200000
-28.300000
-60.550000
-100.000000
-50.950000
-50.650000
-54.900000
-14.800000
85.950000
133.900000
134.400000
117.650000
106.050000
-15.550000
-11.500000
-52.600000
96.750000
-66.200000
-59.850000
-1.500000
59.250000
-100.000000
-100.000000
5.000000
-14.450000
-100.000000
-41.300000
116.200000
-100.000000
-27.900000
-34.250000
98.650000
-55.650000
-51.450000
-32.000000
-63.850000
-53.700000
-65.700000
-50.750000
-50.550000
-26.600000
-51.050000
-27.150000
-51.550000
-1.050000
-0.750000
89.800000
-63.150000
-64.200000
-4.200000
-25.300000
-62.800000
-38.450000
-60.350000
-67.550000
-100.000000
-7.900000
-0.200000
-52.100000
-50.650000
-55.300000
139.700000
62.050000
-12.450000
-55.500000
-32.950000
-32.500000
-58.850000
-100.000000
-51.100000
-50.850000
-4.350000
-31.850000
-89.000000
-27.200000
107.150000
-28.600000
27.050000
-34.150000
109.300000
-21.350000
70.450000
-19.800000
-53.700000
-50.100000
-33.250000
86.250000
13.750000
-56.400000
-15.200000
-88.800000
-50.750000
-50.550000
-53.000000
-16.950000
90.000000
-27.650000
-100.000000
-52.050000
91.950000
-100.000000
-14.850000
-100.000000
-53.150000
-35.850000
-100.000000
-45.050000
-34.250000
114.000000
104.000000
-67.550000
-54.650000
-55.650000
-53.100000
-51.100000
-51.000000
-70.000000
-51.150000
-31.500000
-30.250000
-17.850000
-50.350000
-52.350000
-65.400000
14.950000
-73.550000
-1.400000
-10.550000
107.000000
-29.600000
113.900000
-54.700000
83.600000
-52.600000
10.400000
-9.950000
-100.000000
-100.000000
-100.000000
-74.000000
-50.900000
-59.100000
-100.000000
-67.350000
-40.200000
-100.000000
-50.450000
-37.000000
-3.400000
-100.000000
-74.450000
-62.500000
136.800000
103.850000
98.550000
-55.050000
-84.600000
-2.300000
-34.950000
-87.150000
-23.950000
-56.400000
-7.100000
-87.900000
-29.950000
-100.000000
116.550000
-52.250000
-52.950000
96.550000
99.000000
-50.100000
-61.300000
-70.500000
-52.400000
-62.950000
-58.800000
129.100000
65.550000
-100.000000
-53.400000
-52.750000
-60.700000
-100.000000
-91.300000
-100.000000
-100.000000
-28.800000
-0.450000
-50.550000
-54.300000
-90.750000
94.650000
58.500000
-81.000000
-100.000000
-85.150000
-73.200000
-51.100000
117.650000
-16.250000
-100.000000
-9.350000
-6.750000
-94.800000
-15.650000
-65.200000
-6.850000
-17.500000
79.000000
-58.650000
-26.350000
-51.850000
-50.800000
-30.250000
-50.450000
-29.950000
-50.350000
-56.050000
52.200000
37.250000
-61.000000
-55.550000
-24.100000
-66.050000
-47.550000
86.550000
30.100000
-77.350000
69.550000
-100.000000
148.100000
-58.300000
-16.650000
124.200000
-51.700000
-52.350000
-52.100000
-50.350000
-50.900000
-50.850000
-8.600000
-50.700000
-56.600000
-56.900000
-58.250000
-50.750000
-63.300000
-100.000000
135.750000
-74.900000
-16.850000
0.900000
97.550000
-6.100000
-100.000000
126.050000
-16.150000
-24.450000
-100.000000
-42.650000
-3.850000
-52.250000
111.200000
-50.650000
-92.800000
118.550000
-11.150000
-61.600000
-50.700000
-50.050000
-25.450000
-50.350000
90.850000
-51.150000
81.600000
-42.050000
-56.900000
-26.800000
-100.000000
-84.350000
72.550000
-72.950000
129.200000
-100.000000
-17.300000
-13.400000
-46.550000
-13.050000
-100.000000
-9.250000
-100.000000
92.700000
-31.700000
73.800000
-9.600000
-81.500000
-50.100000
-67.800000
-53.950000
-52.150000
-93.800000
-50.550000
-3.900000
-38.050000
-21.350000
-63.950000
-57.550000
96.250000
-58.200000
-30.000000
-14.350000
-100.000000
-54.950000
-51.200000
-51.350000
-65.850000
-24.400000
64.150000
-30.000000
103.250000
-3.400000
-19.900000
-89.350000
71.000000
107.250000
-50.750000
-30.700000
-28.800000
142.400000
-49.600000
-2.200000
-10.200000
-38.600000
78.500000
80.000000
-52.450000
-3.150000
-59.800000
-53.350000
-54.800000
-78.150000
99.050000
-50.600000
-7.450000
-8.250000
-73.150000
69.550000
-100.000000
-27.100000
-100.000000
-63.200000
-66.300000
-70.950000
98.550000
-9.300000
-61.800000
-76.750000
-59.200000
-63.500000
-15.700000
-20.800000
-100.000000
-100.000000
-59.000000
86.300000
-65.700000
-100.000000
-67.250000
-8.850000
88.550000
55.350000
-13.350000
-100.000000
98.850000
85.000000
-50.850000
-61.250000
-8.250000
-70.750000
-53.150000
-69.600000
76.800000
-81.850000
-11.400000
-75.350000
-7.800000
-69.850000
-25.450000
-63.750000
-52.750000
124.700000
-58.850000
-50.100000
-11.400000
106.200000
56.100000
-12.700000
-63.200000
-81.300000
-70.400000
108.450000
94.900000
-100.000000
-65.250000
-60.150000
93.400000
-52.350000
-30.750000
-49.950000
-51.300000
-77.450000
-50.050000
-46.550000
-70.100000
-60.600000
-19.650000
139.450000
131.750000
-100.000000
82.450000
-51.150000
-55.450000
-52.100000
-33.500000
-51.400000
-50.850000
-51.050000
-62.500000
-53.150000
-20.800000
-41.100000
-53.250000
-91.650000
-60.050000
-50.600000
-83.800000
98.750000
-62.050000
-65.900000
-64.850000
-52.150000
-51.950000
-6.850000
112.650000
-30.850000
-32.100000
-20.450000
-9.150000
-58.250000
-80.850000
-2.850000
-27.700000
-50.900000
-51.050000
-69.000000
147.150000
99.550000
-50.800000
-51.700000
-52.700000
-50.650000
-69.050000
-51.250000
-16.400000
-54.550000
-54.400000
-100.000000
-35.550000
-7.950000
-4.100000
-87.750000
-100.000000
-45.650000
-65.450000
-51.050000
-50.900000
99.350000
-15.800000
-66.050000
-50.450000
-55.100000
-50.400000
-76.550000
-66.300000
74.250000
26.850000
-5.800000
-100.000000
125.400000
-53.950000
-4.200000
-11.200000
113.700000
-55.750000
-16.550000
-74.500000
-53.350000
138.350000
-56.550000
-1.200000
-70.250000
98.950000
-51.050000
-52.900000
-50.600000
-100.000000
-56.300000
-39.050000
-60.500000
-64.650000
-48.200000
-62.400000
-100.000000
-0.350000
-54.250000
-55.000000
87.850000
41.050000
139.100000
129.750000
-51.600000
-52.800000
-77.950000
-54.050000
98.000000
-28.800000
-51.150000
-50.800000
-63.450000
-12.950000
-48.800000
3.000000
-13.900000
108.000000
-13.150000
-4.200000
9.450000
-26.850000
-77.300000
-6.500000
74.050000
-28.350000
-54.350000
-34.450000
-100.000000
16.150000
-56.300000
-100.000000
-100.000000
-1.350000
74.450000
-15.150000
-27.700000
102.200000
57.150000
80.650000
98.350000
-83.450000
-54.650000
-2.400000
-53.900000
-50.400000
-62.900000
-50.200000
-57.450000
-100.000000
-3.500000
-54.700000
-65.950000
-55.100000
-30.350000
-89.950000
128.750000
117.200000
-7.400000
-100.000000
-15.850000
45.200000
95.750000
-100.000000
-66.300000
-44.300000
-51.750000
-53.150000
-66.950000
-18.200000
-63.700000
-71.850000
-12.100000
-62.450000
-50.750000
-52.300000
-59.350000
-50.600000
97.850000
3.750000
-50.900000
72.050000
-100.000000
-22.450000
-50.000000
-51.400000
-47.250000
-8.150000
-51.750000
68.900000
1.200000
36.400000
-26.900000
-9.200000
-50.450000
-58.450000
-50.050000
-55.500000
-64.900000
99.600000
-73.250000
-58.250000
26.400000
-96.600000
-53.050000
-60.100000
-56.950000
-9.550000
-58.100000
-30.000000
-85.400000
-37.450000
-51.100000
-17.300000
-100.000000
-40.500000
-64.850000
-64.400000
-51.700000
-54.850000
-35.400000
124.200000
-0.250000
-52.200000
-4.050000
-100.000000
-41.850000
89.800000
-100.000000
-1.700000
56.450000
-21.250000
-50.250000
133.050000
11.600000
-67.250000
-0.400000
121.700000
-51.400000
120.350000
-61.700000
-52.200000
-11.550000
-51.800000
-54.150000
-0.400000
-45.050000
-71.650000
99.750000
-50.600000
-51.050000
-28.250000
-51.550000
-50.750000
-3.850000
-50.900000
-50.950000
-78.300000
-52.250000
-50.550000
-57.100000
-100.000000
-35.300000
117.300000
35.500000
-100.000000
-50.750000
-61.300000
-26.100000
-7.650000
-6.450000
5.500000
78.150000
-100.000000
-7.750000
-100.000000
-31.900000
-56.300000
-40.000000
-55.750000
-55.250000
-51.400000
-50.750000
-26.550000
-59.750000
-57.000000
87.050000
-4.000000
-47.400000
-55.850000
-28.250000
-53.950000
-0.750000
-2.250000
-38.950000
91.850000
-100.000000
-3.050000
58.850000
-3.250000
-24.200000
72.750000
-100.000000
-57.300000
-50.150000
-50.200000
-45.300000
-54.750000
-53.100000
-86.750000
-61.200000
-7.900000
-17.450000
-57.950000
-100.000000
17.500000
-100.000000
-28.900000
140.900000
-8.250000
78.850000
-30.750000
-41.550000
131.850000
144.200000
70.100000
-100.000000
91.250000
-100.000000
-85.150000
-73.300000
-26.250000
-50.700000
-58.650000
97.050000
-67.950000
-55.900000
-73.050000
-63.100000
87.850000
78.150000
-48.150000
-9.050000
41.700000
-14.100000
25.550000
29.050000
-18.050000
63.100000
97.100000
-8.150000
-2.150000
-100.000000
-100.000000
-90.000000
-83.300000
112.750000
-47.950000
-11.000000
-19.450000
105.900000
-100.000000
19.150000
-53.100000
94.700000
-71.150000
-65.600000
99.300000
-52.150000
-53.650000
-51.550000
-24.750000
-68.500000
-25.850000
-28.350000
-53.000000
-3.200000
-5.550000
47.400000
136.100000
60.850000
4.700000
112.300000
-3.400000
-50.850000
-60.650000
-1.150000
-56.650000
4.350000
-30.550000
-55.650000
-53.150000
-82.350000
-59.200000
143.350000
-64.450000
-51.950000
-62.550000
-100.000000
-50.650000
-50.150000
-27.250000
-51.200000
-50.500000
-44.900000
41.600000
-58.950000
-92.200000
-86.150000
-31.800000
147.000000
-23.750000
-55.850000
148.600000
95.350000
-54.050000
-100.000000
-51.800000
-55.950000
-51.150000
-52.800000
-15.650000
-22.400000
-57.050000
-50.600000
-11.400000
-53.800000
99.450000
-52.300000
-70.100000
-54.900000
-53.000000
-5.900000
-27.900000
-3.000000
-18.050000
3.700000
-12.600000
-8.650000
-54.450000
-100.000000
126.450000
57.300000
99.500000
5.550000
-56.950000
-50.600000
-52.350000
-54.400000
-50.750000
-56.050000
-17.350000
99.150000
-62.950000
-55.100000
-51.350000
-68.450000
-52.700000
26.000000
-59.800000
-52.550000
-27.350000
-37.850000
-36.250000
-3.850000
-4.750000
-19.200000
-55.950000
92.600000
-16.300000
-100.000000
49.850000
-51.000000
-61.050000
93.900000
108.100000
-6.100000
118.050000
-100.000000
133.050000
-23.100000
-5.050000
-50.400000
-51.300000
-50.800000
-2.850000
-33.950000
99.500000
-63.100000
-50.750000
144.600000
-27.700000
113.600000
-19.300000
-39.800000
96.750000
-51.200000
-100.000000
-50.700000
-36.350000
-53.550000
-54.850000
-52.350000
-51.750000
-70.650000
-53.450000
20.000000
-25.900000
-26.900000
129.600000
62.900000
-50.950000
0.700000
-1.550000
-1.450000
139.200000
-100.000000
78.850000
-12.250000
-100.000000
-100.000000
-100.000000
-100.000000
-36.150000
12.900000
104.600000
-51.850000
-50.250000
98.200000
-50.450000
99.350000
-50.200000
-99.200000
-50.650000
-50.450000
99.450000
-50.400000
-57.800000
-32.100000
-51.600000
-73.100000
-42.750000
-26.250000
124.250000
117.550000
-33.650000
-0.700000
-3.800000
146.050000
-19.200000
-100.000000
-11.150000
-10.450000
107.500000
6.900000
-6.050000
-12.900000
-13.950000
-1.700000
16.050000
-23.600000
-34.800000
-100.000000
147.100000
-64.650000
-50.850000
-50.100000
-50.950000
-17.450000
-61.050000
-52.000000
-7.100000
-51.300000
-32.200000
-29.100000
-25.500000
-59.300000
-50.700000
-16.400000
-30.900000
80.400000
-100.000000
-4.100000
-28.500000
33.500000
-2.750000
-7.250000
-98.300000
-100.000000
44.500000
-68.400000
-53.900000
-65.450000
-51.050000
-51.650000
-53.800000
-54.700000
-51.400000
99.700000
-30.750000
-58.500000
-100.000000
-61.100000
-100.000000
-96.750000
139.900000
98.950000
114.250000
-4.350000
-17.900000
-100.000000
-12.900000
-44.050000
135.000000
-12.350000
