1.661545
0.752009
1.533405
1.583867
1.529909
1.298043
1.561748
1.671129
1.507585
1.482883
1.453569
1.646001
1.537697
0.036602
1.482064
1.618957
1.669191
1.696380
1.898396
1.683340
1.486865
0.730760
1.580510
1.628859
1.530689
1.497534
1.574341
0.445562
1.620776
1.208808
1.557680
1.544954
1.398397
1.518440
0.111382
0.097508
1.545219
0.522323
1.527826
0.155333
1.537673
0.543749
1.041281
0.502054
1.729368
1.999039
1.499469
0.944416
0.969193
1.748512
0.829957
1.532280
1.635025
0.183690
0.624821
1.016412
1.496121
1.496664
1.508003
0.121711
1.565641
0.769377
0.426259
1.527079
1.641892
1.542766
1.509706
1.032493
0.644368
1.504056
1.553884
1.609084
1.509796
1.562983
1.248060
1.567825
0.442679
1.134937
1.542670
1.549867
0.269659
1.628989
1.671340
1.534681
1.532973
1.545167
1.462316
1.561897
1.395821
1.576018
1.537555
0.368531
1.567840
0.447841
1.631289
1.569883
2.031132
1.642694
1.687892
1.529444
1.517475
1.521410
1.018661
1.304111
1.577127
0.144699
1.504141
1.560014
1.531862
0.833387
1.611615
1.538163
1.587884
1.605325
1.725826
1.511579
1.572478
1.152495
0.241797
0.017164
1.589717
1.508987
0.980278
1.537509
1.512994
1.580642
0.095938
1.567337
1.529807
1.543194
1.550563
1.403965
1.586200
0.738349
1.164017
1.566384
1.281992
1.571973
0.858540
1.026678
1.517668
1.548753
1.555285
0.275739
1.558035
1.576422
0.855331
0.964323
0.095706
0.094381
1.488281
0.821889
1.548414
1.595285
0.402461
1.593447
1.508381
1.567034
1.600432
1.549522
1.516949
1.567316
1.505140
1.586303
1.496619
0.381107
1.527131
0.497300
1.238974
0.589295
1.631449
0.427491
1.535481
1.566154
1.544087
1.571450
1.488751
1.546647
0.473862
0.807408
1.239164
1.585163
1.325778
1.018846
1.515728
1.522888
0.818191
0.519762
1.583953
1.651077
1.551785
1.481286
1.531297
1.533092
0.511901
0.695869
1.267364
1.528994
1.566585
1.538330
1.554058
1.501444
1.487468
1.574975
0.074543
1.590209
1.633743
1.076764
1.579101
0.876901
1.611865
1.272462
1.516862
1.523450
1.487331
0.290448
0.664791
0.541733
1.515451
0.274701
0.162992
1.499066
1.594824
1.506872
0.885725
1.656100
0.585182
1.544947
1.366076
1.511124
1.484672
1.545556
1.586818
1.590212
1.602284
1.555163
1.552257
0.542037
1.507994
1.516411
0.971039
0.457693
1.727636
1.590177
0.638081
1.510137
1.503898
0.755260
1.306776
1.002436
0.535490
1.134123
1.549183
1.525008
1.532961
0.239861
1.383236
0.033863
1.561104
1.576318
1.518102
1.654569
1.499689
1.530253
0.154154
1.512637
1.541873
1.543629
1.540395
1.518325
1.475977
0.974024
1.543725
1.539978
0.951654
1.465167
1.565880
1.577490
1.652476
1.446175
1.495574
0.676355
1.606187
1.530513
0.479817
0.169091
0.563927
1.322939
1.565298
1.555771
0.515983
1.061420
0.818944
1.551435
1.584566
1.541943
1.681722
0.319774
1.545056
0.454199
1.514195
1.575686
1.581465
1.525109
1.288642
0.209064
1.585981
0.592137
1.594522
0.380260
1.517442
1.605715
0.838629
0.694510
1.545715
1.629541
0.357355
1.555990
1.508036
1.582240
0.762414
1.534090
1.518487
0.646755
1.294482
1.590203
1.596950
1.546467
1.486818
1.540814
1.533956
1.451542
1.680706
0.284488
1.516456
1.538441
0.920558
1.545651
1.143239
1.490715
1.570464
1.575277
0.358918
1.527311
1.528509
0.901506
1.516675
1.567946
0.142721
1.375669
1.594627
0.307914
1.413175
1.537430
1.553387
1.552015
1.577543
1.540487
1.579132
1.205160
0.253901
1.549504
1.564295
1.578541
0.876279
1.595204
1.645500
1.546887
1.103979
1.541479
1.589854
1.528270
1.568657
0.969850
1.530524
0.910136
1.538642
1.535308
0.903465
1.487293
1.537595
0.818784
0.596017
1.792304
1.222408
0.547184
1.505447
0.958446
1.561965
1.569123
1.558279
0.583834
0.043108
0.759067
1.643476
0.951976
0.048882
1.553321
1.219350
1.047816
1.535271
0.457541
0.716432
1.621876
1.509121
1.525382
1.530760
1.561151
1.472890
0.453614
1.506736
1.506111
0.822152
0.295563
1.493867
1.504735
0.925809
1.596361
1.572527
1.575981
0.804536
1.646702
1.330732
1.600705
1.563234
1.541749
1.121356
1.533315
1.508728
1.563284
1.569190
1.525331
1.567027
1.578509
1.046796
1.370553
0.538707
1.560242
0.037293
1.566911
0.932435
1.558984
1.559889
1.487056
1.546911
0.282858
1.580692
0.530445
1.520889
1.478364
1.562617
0.809402
1.572234
1.605902
1.526031
1.289035
1.575150
1.487978
0.862985
1.547805
0.481181
1.533057
0.315662
1.562096
1.646574
0.537189
0.818419
1.628167
1.584945
1.020493
1.638515
1.692323
1.147603
0.068217
0.667014
1.521490
1.533136
1.595553
0.948087
1.524311
1.383046
1.543424
1.081383
1.575038
1.591585
0.662405
1.520452
1.537730
0.370666
1.628973
0.631567
1.576716
1.360352
1.569610
1.533563
1.656754
1.592766
1.604280
0.915944
0.144224
0.623687
1.536113
0.137934
1.542542
0.043310
1.644720
1.537220
1.619078
0.553349
1.570070
1.555545
0.807982
0.324808
0.532519
1.622866
1.572086
0.225846
1.399856
1.458743
0.416958
1.568649
1.592510
1.582402
0.616092
1.553163
0.187737
1.696791
1.394197
1.553149
1.533397
1.607970
1.558136
0.446374
1.500672
1.552481
1.576262
1.568923
0.400775
1.560667
1.541374
1.538517
1.635236
1.117263
1.537223
0.895499
1.548849
1.584058
0.315825
0.702443
1.442058
0.581125
0.397510
1.600763
1.588310
1.557054
0.650008
0.322604
0.562973
1.394258
1.471504
1.591949
1.006107
1.147691
1.523496
1.565819
1.019879
1.544914
1.530847
1.211106
1.534820
0.159649
1.590225
0.435026
1.330340
0.479690
1.547387
1.585666
1.553976
1.708655
1.620385
0.170552
1.501270
0.940317
1.594442
1.570535
0.225872
1.585940
0.577985
0.511228
1.494089
1.536221
1.462688
0.339015
1.595381
1.530959
1.541283
0.108543
1.632405
1.567472
1.389957
1.572643
0.794074
1.630857
0.743437
1.611368
1.550911
1.584020
1.580338
1.536880
0.974771
1.592700
0.604849
1.679641
1.532480
1.503891
0.873036
1.587066
1.609254
0.558514
1.576960
0.263262
0.690993
0.368487
0.564064
1.443265
1.538171
1.517401
0.255352
0.847255
0.118045
1.624122
0.326230
1.679417
1.522241
1.492598
0.609828
1.579464
1.042808
1.590219
1.563828
1.432417
0.762887
0.680590
1.576852
1.542197
1.581261
1.166729
1.628947
1.695322
1.546769
1.060881
1.430893
0.994551
1.367447
1.535677
0.753838
0.327743
1.512739
0.571700
0.501799
1.617140
1.593275
1.108432
0.634625
1.537090
1.628738
1.619018
1.256251
0.058905
0.757396
1.539553
1.567332
1.639803
1.566169
1.011352
0.149252
0.171734
0.870367
0.489664
1.520883
0.124777
1.598753
0.244598
1.504346
1.529433
0.784884
0.539829
1.124933
1.629632
0.722527
0.648031
0.032309
0.494949
1.726108
1.499543
1.702243
0.349669
1.842519
1.632766
1.602705
0.620523
0.446339
0.139560
0.843591
0.919804
1.739117
1.740710
0.819299
1.383364
1.701947
1.673683
1.593780
0.209390
0.728120
1.786886
0.182843
0.582755
1.297075
0.146412
0.870520
1.619546
1.372007
1.353371
1.624078
0.842443
0.508604
1.565691
1.784499
0.400975
0.700978
1.309400
1.787855
1.726099
1.317602
0.598005
1.362205
1.654685
0.862523
0.556092
1.017752
0.576433
1.935970
1.823953
1.682881
1.635831
1.656086
1.563625
1.720756
1.653271
1.265655
1.016447
0.711649
1.647358
1.577495
0.302422
1.233148
1.563416
1.087287
1.055853
1.251577
0.878345
1.576201
1.426984
0.353183
1.578602
1.133495
0.888786
1.526956
1.563974
1.429406
1.545634
0.464273
1.714212
0.282101
1.688174
1.305542
1.564909
1.565155
1.012380
1.528716
1.141978
0.606251
0.755398
0.740447
1.462025
1.471405
1.600353
1.537151
1.698511
0.215176
0.652175
1.576952
0.662695
1.313407
1.671038
1.629970
1.578441
1.624104
0.284732
0.740713
1.053091
1.532757
1.609306
0.430182
0.515102
0.546798
0.154759
1.560599
0.894326
1.533763
1.561109
0.818149
0.983767
1.556935
0.216583
1.120492
0.653584
0.369366
0.907716
0.746694
0.246743
1.205236
1.457087
0.944113
1.062556
1.012963
0.167339
1.578808
0.662340
1.664404
0.701920
1.590229
0.157814
1.591656
1.650187
1.160103
0.629253
0.847693
1.455716
0.882846
1.104389
0.933611
1.065044
1.525127
1.217716
1.056102
0.068399
1.634893
0.335890
0.380368
1.353661
1.634412
1.538641
1.295084
0.927579
1.472589
0.886048
1.686574
0.278837
0.955063
0.735191
0.667155
1.425123
0.265213
1.638420
1.734995
1.559339
1.631047
0.700989
0.671786
0.691977
1.011313
1.670578
1.667352
1.654708
0.556860
1.550089
1.578470
1.667403
1.679248
1.217877
0.547558
1.721129
0.225860
0.464745
1.672532
1.682038
1.662265
0.881114
1.616271
1.710317
0.710731
0.750426
0.826702
1.695968
1.617252
0.850636
1.521987
0.193596
0.266877
0.624007
0.778032
0.417050
1.770697
0.459981
1.777881
0.825592
1.797166
0.619645
2.027739
1.507439
1.594993
1.038492
1.828025
1.801612
1.741991
0.372023
1.080805
1.617858
1.616728
0.488908
0.733436
1.619546
1.007630
1.487499
0.335863
0.964682
1.685393
0.687919
0.757613
0.632099
1.632915
1.328660
1.604183
0.253707
0.767472
0.678293
1.245472
0.582752
0.826160
0.325057
1.268682
1.302099
1.540256
1.415665
0.194110
0.276335
0.886083
1.902433
1.607101
0.317105
1.602579
1.515265
0.216973
1.116201
1.652901
1.169307
1.350752
1.618150
1.555799
1.085039
0.380455
0.471433
0.306542
1.640803
1.593143
0.750083
1.713037
0.277518
1.617182
1.521280
1.553463
1.101864
1.255561
0.562401
0.346053
0.199543
1.614850
0.595730
1.745468
0.957576
0.239418
1.742534
1.511535
1.568011
1.623176
0.454194
1.379756
1.595586
1.179222
0.968483
1.285564
0.708292
0.143839
1.574666
1.570766
0.381413
1.006206
1.199957
1.273533
0.335314
0.332864
1.332762
0.139387
1.582968
1.665992
1.156065
1.800910
1.635151
1.637673
1.378820
0.912778
0.755024
1.587808
1.721964
0.469783
1.584146
1.391114
0.689939
1.569257
0.267753
1.927170
1.096611
1.629491
1.006662
1.787106
1.595796
1.289902
0.730178
1.769934
0.676651
1.210791
1.894767
1.580534
0.864388
0.721348
1.670330
1.689955
1.370521
1.849360
0.381439
0.665869
0.513458
1.738930
1.683973
0.172991
0.490337
1.597512
1.719009
1.199892
1.658729
1.624870
0.062538
0.980457
1.770665
0.764688
0.962952
1.229914
0.168795
1.631999
1.400003
1.510350
0.563602
1.510748
0.798439
1.569445
1.596702
1.741634
0.886814
1.639317
1.121260
1.573294
0.393498
1.531793
0.133745
0.192103
1.164119
1.606812
1.812273
1.144804
1.382432
1.062531
0.245239
1.606122
1.623819
1.630428
1.588336
0.302610
0.361101
1.332834
0.361207
0.645126
0.875688
0.799263
1.627051
1.482660
1.644066
1.693328
1.522918
0.757040
0.386755
0.587979
0.265313
1.556657
1.701616
0.686026
1.548145
0.884110
1.033503
1.554631
0.378153
1.612197
0.891655
1.752861
1.162452
1.547101
0.466586
1.502564
1.620906
1.600051
0.220325
0.300048
1.573965
1.166489
1.549429
1.656414
0.747765
0.366436
0.585824
1.504413
1.437818
0.710611
0.371451
0.943148
1.597045
1.570929
0.162218
1.600487
1.662510
0.606371
0.746738
1.652007
1.384717
0.329862
0.436096
0.938653
1.378435
1.694655
0.745714
1.574971
1.580142
1.661169
0.738596
0.427166
1.621182
1.577787
1.331818
0.818310
1.553366
1.589852
0.650085
0.893324
0.090575
0.508188
0.671784
0.878173
1.589147
0.662931
1.586383
0.376033
0.821425
0.749861
1.577585
1.564752
1.014773
1.670577
0.689329
0.256651
0.810246
0.356515
1.614073
0.100867
1.484305
1.597888
0.690604
0.240334
1.226078
0.859794
0.498083
0.150863
1.699318
1.441543
1.676292
1.720713
0.055618
0.298953
0.639749
0.026156
1.660239
1.736855
1.761653
1.215580
0.830657
1.816956
0.537215
1.444444
0.870739
1.139720
1.074719
1.576650
1.052691
1.602345
0.512486
1.574140
0.733907
1.647054
1.570412
1.402235
1.551811
1.614388
0.705451
1.621344
1.559874
0.754075
1.598725
0.064982
1.637187
1.661843
0.126380
1.603954
0.518311
1.666645
1.050558
1.723960
1.676399
0.105985
1.644983
0.641143
1.557454
0.235770
1.663702
0.178312
0.948328
1.385190
1.733207
0.958189
0.206973
1.618326
0.739059
0.883955
1.696590
1.644277
0.879242
1.764722
0.430556
1.080222
1.165061
0.897466
0.281555
0.426964
1.225406
1.029338
0.362334
1.773030
0.705572
0.369676
0.099363
1.722870
1.550689
1.189834
0.811834
1.650557
1.226685
2.219206
1.557610
1.895889
0.985947
1.637517
2.047408
1.627342
1.784559
1.808250
0.926500
0.272205
1.413049
1.772463
1.649263
0.815685
1.242667
1.895031
0.503039
1.719272
0.867284
1.039249
1.666826
1.759327
1.121046
0.915513
0.917149
1.660899
0.970055
1.661298
1.603020
0.812587
1.642298
1.098195
0.706696
1.369027
0.794281
1.310981
1.175390
1.577449
1.018291
0.283319
0.894173
0.610561
1.868553
0.312516
1.844580
0.162429
1.090834
1.916813
1.062638
1.589194
1.556380
1.596654
1.535227
0.487347
1.319106
1.723803
1.590339
0.429064
0.939447
0.762645
0.275574
1.600494
1.331184
0.510657
1.600679
0.151464
0.456103
0.027135
0.619940
1.008935
0.784340
1.582021
0.705142
1.615779
1.653545
1.546100
0.390784
0.070493
0.846412
0.412818
1.276668
1.180770
0.545699
0.704678
1.720297
2.069150
0.186103
0.941324
1.165317
1.820168
0.892915
1.685450
1.949253
0.800212
0.891423
1.851833
0.896392
1.735376
0.441931
1.838469
1.559033
0.183916
1.186244
0.260787
0.304482
1.266098
1.645095
1.379436
1.651794
1.250425
0.138692
1.690875
0.439282
0.663518
0.603049
1.594997
1.670506
0.639240
1.339537
0.290997
0.493326
1.554784
0.299821
0.908124
0.476777
1.592046
1.559019
1.520351
0.312260
1.029668
1.402665
0.863523
1.122305
0.609505
0.601911
1.355236
0.705303
1.186384
0.629451
0.660019
1.201413
1.093903
1.590726
1.337097
1.606189
1.387097
0.879847
1.624040
0.568964
1.744755
1.642765
0.868481
1.777242
0.634361
1.180259
1.658271
1.421951
1.573704
1.580698
0.394701
1.676572
1.607650
1.652241
0.524553
0.649865
0.849577
1.656484
1.700386
0.378858
1.604180
0.486537
1.582464
1.084472
0.897627
1.644530
1.114582
1.566593
1.584306
1.564834
0.194699
1.624275
1.565548
0.776556
0.832120
0.837028
0.278177
1.028375
0.185734
0.272990
1.490561
1.495835
1.254476
1.463068
0.963298
0.753483
0.545662
0.802263
0.940642
2.038316
1.649506
0.603040
1.237673
1.607532
1.535039
1.391749
1.203249
0.799901
1.345258
1.641313
1.587278
1.531190
0.415048
1.572895
1.629278
0.958243
0.976614
2.093004
1.769653
1.179335
0.700916
0.485232
0.602082
1.527310
1.667173
0.191519
1.739903
0.316317
1.543246
0.242068
1.618871
0.379730
1.866413
0.455140
1.646127
0.378927
1.584698
0.783895
0.577286
0.436264
1.066897
0.151394
1.601719
1.536393
0.676233
1.620075
1.542887
1.590967
1.177059
0.492717
1.161066
1.691936
1.711134
1.581554
0.032390
0.516858
0.683814
1.532307
1.639928
0.492359
0.710088
1.603232
0.298212
0.769336
0.667650
1.504419
0.378076
0.627986
0.254373
1.605305
1.593744
1.570137
1.639439
0.099200
1.336276
0.876221
0.343166
0.278087
1.782009
1.803536
0.233579
0.067053
0.033031
0.900594
0.688881
0.318007
1.634455
0.361406
1.098747
1.583049
1.611730
1.579966
1.594815
1.628092
1.438821
1.664375
0.596585
0.513716
0.211481
1.614425
0.802373
1.607222
0.658870
1.649949
1.631606
1.552061
1.248434
1.611375
0.269800
1.554258
0.520320
1.311090
1.651651
1.643534
0.597380
1.503893
1.709572
0.458259
1.649452
1.569066
1.561187
0.713690
0.985635
1.616500
1.599293
1.550248
0.665538
1.151034
1.646435
0.477603
0.018539
0.804918
0.455120
1.554446
1.268713
1.560701
0.619690
0.592295
1.589948
0.514693
1.677564
1.556927
1.279608
0.657075
1.613934
1.614231
1.570158
1.644538
1.045332
0.549254
0.563888
1.614328
1.630136
0.508520
0.570213
1.634337
1.662250
1.152841
1.614408
1.599306
0.138118
1.037678
1.470111
0.483089
1.679384
1.399134
1.155157
1.651266
1.667755
1.376394
0.299629
0.740067
1.101225
1.400368
1.544226
1.572783
0.122068
1.630872
1.636557
0.239017
1.546199
1.311102
1.524360
0.220272
0.471388
0.940517
0.280384
0.831529
1.575397
0.886879
0.410125
1.153909
0.367656
1.598925
1.685165
1.634832
1.571178
0.881021
1.326041
1.599430
0.278015
1.750669
0.533879
0.120352
0.206881
1.576590
1.650017
0.585227
0.561432
0.829469
0.189804
1.639037
0.743910
0.434906
1.066284
0.719180
0.939848
1.576473
1.723295
1.601249
1.535336
1.317318
1.524314
1.703982
1.533158
1.015771
1.836396
0.664476
1.472548
0.246637
0.233284
1.724257
1.674377
1.034695
0.796888
1.781933
0.427728
0.745452
1.567100
1.138638
1.605018
0.126970
1.509375
0.215077
1.342948
1.652293
1.030648
1.578263
0.445198
1.659901
1.613440
0.616445
0.597509
1.019525
1.092757
1.084994
0.473605
1.342751
1.648822
0.542792
1.681041
0.946057
0.127409
1.358635
1.589698
0.850518
0.535436
1.541995
1.060269
1.570282
1.322724
1.585440
1.401130
0.104124
0.599246
1.601834
1.610872
1.567116
1.634654
0.082745
0.641671
1.609276
1.728482
0.418372
1.609766
0.492824
0.987805
0.940644
0.453807
1.428748
1.864575
1.622411
1.576894
1.757764
0.840363
1.658497
1.623625
1.637579
1.567239
0.235569
1.576947
0.821445
1.794255
1.318971
1.551912
1.574398
0.895127
1.135968
0.112886
0.875666
0.834554
0.691216
1.471981
0.121494
1.417027
1.617291
0.139588
0.365948
0.840604
1.662420
1.256132
1.588071
1.562813
0.034317
1.580619
0.161754
0.629981
1.011066
1.620729
1.562722
1.024601
0.510079
1.274432
1.077186
1.425776
1.679645
1.615142
1.561880
1.728179
1.606758
0.116737
0.957732
0.297398
0.634228
1.616496
0.823126
0.011259
1.695478
0.621301
0.316996
1.705630
0.247916
0.105003
0.978163
1.671674
0.022029
1.414396
0.606182
0.502783
0.544077
0.454345
1.666115
0.702265
0.546950
1.045952
1.309578
0.595972
0.929049
1.027575
1.800486
0.730436
1.648099
1.566524
1.822173
0.851064
1.482878
1.792645
1.016316
0.258250
0.444361
1.704035
0.657626
1.605847
0.962438
0.296138
0.872583
0.564180
0.824320
1.562459
0.432783
1.944460
1.611168
1.948597
1.635744
1.700373
0.180524
0.544625
0.951097
0.606689
1.837288
0.332929
0.966868
0.261216
0.329376
1.706616
1.011930
1.522468
0.210459
1.555068
1.614907
1.557148
1.200214
0.450387
0.631618
1.647872
1.601963
1.699330
1.632412
0.391827
1.339488
0.458258
1.730922
0.284138
1.599110
1.590326
1.553963
1.594935
1.588933
1.623169
1.631570
0.768398
1.325069
0.531772
1.767808
0.815948
1.623576
0.646861
1.550094
1.663116
1.592899
0.491476
0.923817
1.697348
1.635561
1.449663
0.447331
0.343012
0.688975
1.656215
1.683304
0.104744
1.565507
1.660148
1.306011
0.583675
0.237613
1.562364
0.457045
1.583218
1.604602
1.607527
1.588080
0.855538
0.431129
1.505303
0.517130
1.235553
1.503689
1.688922
0.946996
0.245126
1.686405
0.955591
1.550444
1.655255
0.774694
1.388594
0.500848
0.688385
1.493868
1.683888
1.111697
0.098198
0.184484
1.424143
0.122609
0.364823
1.689506
0.087162
1.164227
1.875528
1.775675
0.517556
1.884531
1.202772
1.297022
0.486240
1.525485
0.759079
0.139325
0.045563
0.861273
0.820685
0.567517
0.708272
0.953098
0.616490
1.762634
1.772066
1.909015
1.771349
0.478749
1.561476
1.595428
0.284453
0.055309
0.180316
1.578380
0.371578
1.084690
1.768758
1.389031
1.599809
0.534894
1.513065
0.450970
0.906620
1.624670
1.494800
1.242264
0.419823
1.360194
0.745538
0.546101
1.244995
1.528769
1.593213
1.591680
1.508114
0.703647
1.088395
1.636675
0.703202
0.017265
1.673822
0.826140
0.902003
1.413930
1.576231
1.607324
0.898145
1.709898
1.624909
1.636562
1.431469
0.588501
1.014719
1.526576
1.386860
0.572785
0.539673
1.483489
0.446037
1.412408
0.454257
1.617295
1.505059
0.954297
1.655361
1.547575
1.555868
1.710142
0.388917
1.617559
1.399485
0.708191
1.696624
0.260916
1.563163
0.984620
1.579229
0.579011
1.544585
0.974872
0.866723
1.664739
0.195427
1.623877
1.585485
1.524702
0.395381
0.782347
1.688484
0.991263
1.594292
1.328389
1.558244
